x:
-0.525685
-0.783355
-0.832426
-0.899960
-0.859892
-1.233711
-1.032239
-1.130521
-1.105433
-1.444105
-1.251633
-1.067473
-1.771797
-1.719114
-1.588692
-1.399788
-1.074351
-0.952161
-1.010719
-1.281298
-1.574889
-2.023217
-2.740102
-3.272373
-3.795174
-4.405914
-4.793259
-4.480929
-4.209368
-3.921666
-3.653076
-3.241886
-2.640008
-1.984869
-1.457397
-1.205581
-1.208747
-1.485341
-1.874638
-1.954240
-1.652505
-1.282337
-0.959028
-0.781973
-0.760734
-1.111310
-1.845231
-2.500504
-2.632291
-2.301251
-2.227640
-2.633196
-3.195869
-3.584645
-3.542973
-3.203018
-2.699070
-2.083047
-1.652460
-1.230859
-1.105521
-1.258423
-1.388118
-1.151360
-0.750646
-0.367947
-0.020259
0.265961
0.573410
0.771075
0.880959
0.741694
0.454803
0.022275
-0.110952
-0.070808
0.165040
0.447379
0.678022
0.859100
0.989051
1.072963
1.024378
1.116510
1.280947
1.151574
0.983826
0.751900
0.585736
0.290466
0.031622
-0.232298
-0.504566
-0.881981
-1.275572
-1.833474
-1.797361
-1.582096
-1.227501
-0.849024
-0.396682
-0.124720
0.199026
0.281169
0.387200
0.379212
0.205886
0.377834
0.547074
0.736688
0.818913
0.894601
0.743729
0.410962
-0.005457
-0.554364
-1.223765
-2.077121
-1.772072
-1.431498
-1.080042
-0.943885
-1.060024
-1.409482
-1.784118
-2.319731
-2.835139
-3.101669
-3.410735
-3.201193
-2.976819
-2.782240
-2.545234
-2.267278
-2.007628
-1.741001
-1.521108
-1.490666
-1.666908
-2.187172
-2.881941
-2.549756
-2.188028
-1.853541
-1.575447
-1.491923
-1.720802
-2.179818
-2.623488
-2.632202
-2.357726
-1.870511
-1.944164
-2.228152
-2.740648
-3.355282
-4.096547
-4.834227
-5.060068
-4.964809
-4.790149
-4.531150
-4.279930
-3.907097
-3.574381
-3.222135
-2.852051
-2.443959
-2.032188
-1.592707
-1.195142
-0.839354
-0.695583
-1.010619
-1.672344
-1.866090
-2.225938
-2.357162
-2.403690
-2.351643
-2.188495
-2.036386
-1.949977
-1.838162
-1.854108
-1.830038
-1.764898
-1.605131
-1.465283
-1.239764
-1.030549
-0.792453
-0.578678
-0.318416
-0.036358
0.180936
0.250395
0.340483
-0.416361
-1.102447
-1.778522
-2.396836
-2.938746
-3.178690
-3.324897
-3.329910
-3.213103
-2.948322
-2.610311
-2.147050
-2.292318
-2.529654
-2.803294
-3.211830
-3.482203
-3.881562
-4.310053
-4.660668
-5.041266
-5.570685
-6.214506
-5.913737
-5.766063
-5.646614
-5.624550
-5.698156
-5.932098
-6.221045
-6.576022
-7.050320
-7.572517
-7.932066
-8.414314
-8.172135
-8.107366
-8.167557
-8.285729
-8.398709
-8.507837
-8.676744
-8.897727
-9.069529
-9.261884
-9.656245
-10.101515
-10.035596
-10.091006
-10.532914
-10.923422
-11.280633
-11.483757
-11.569045
-11.813614
-11.803331
-11.388849
-10.982299
-10.833018
-11.060141
-11.426821
-11.799321
-12.266980
-12.564068
-12.824778
-13.185176
-13.710892
-14.164612
-14.426063
-14.916831
-15.464098
-14.943800
-14.735222
-14.466692
-14.092043
-13.794526
-13.518729
-13.379473
-13.065327
-12.947600
-13.276108
-13.107749
-13.371258
-12.960881
-12.393835
-12.164231
-11.865049
-11.338585
-11.052283
-10.646941
-10.146068
-9.783510
-9.348970
-8.901886
-8.522480
-8.191262
-7.843435
-7.340277
-6.920525
-6.690091
-6.501147
-6.225410
-5.835935
-5.491381
-5.241813
-5.141438
-4.884592
-4.529803
-4.168429
-3.741428
-3.204701
-2.693098
-2.197726
-1.795942
-1.374188
-0.929788
-0.575725
-0.227208
0.150806
0.106305
0.198936
0.350447
0.546244
0.807172
1.164989
1.584954
1.974180
2.372702
2.593409
2.843650
2.397202
1.876936
1.372573
0.834510
0.173749
-0.438629
-1.068373
-1.692749
-2.354126
-3.091779
-3.833317
-4.637852
-4.286855
-3.897193
-3.550814
-3.223557
-2.867301
-2.509177
-2.138565
-1.745853
-1.397213
-1.084295
-0.873807
-0.877487
-1.302853
-1.713529
-2.086428
-2.466206
-2.769804
-3.225259
-3.311018
-3.269977
-2.961148
-2.548307
-2.027819
-1.883101
-1.759678
-1.705195
-1.772601
-1.999138
-2.404750
-3.001281
-3.400066
-3.202463
-2.896110
-2.537779
-3.114251
-3.430436
-3.255832
-3.010818
-2.863175
-3.090661
-3.750215
-3.934214
-3.612874
-3.336426
-3.975226
-3.667359
-3.430894
-3.612606
-4.289286
-4.178086
-3.858246
-4.229390
-5.069871
-4.758004
-4.520883
-5.299165
-5.367704
-5.330374
-6.281303
-5.936259
-5.455264
-5.959462
-6.437052
-5.716612
-5.289533
-5.802080
-5.730142
-4.986965
-5.563203
-5.437884
-5.018648
-4.778628
-5.141252
-5.775267
-5.857513
-5.429030
-5.046609
-5.817079
-6.379519
-5.669222
-5.830515
-6.392844
-6.154345
-5.692723
-5.287852
-5.338811
-5.758939
-6.312792
-6.131559
-5.602574
-5.296829
-5.915665
-5.686416
-5.103161
-4.508259
-4.632176
-5.040824
-5.225777
-4.868241
-4.544746
-4.264310
-4.367397
-5.144095
-4.797180
-4.437477
-4.156543
-4.290192
-5.098596
-5.603036
-5.144776
-4.391917
-3.833655
-4.006236
-4.594867
-4.101380
-3.616640
-3.404467
-3.628903
-4.158624
-4.839573
-5.283084
-5.095047
-4.737015
-4.302652
-3.910632
-4.291696
-4.675670
-4.395290
-3.967599
-3.553889
-3.477911
-4.029619
-4.937568
-5.509579
-5.021977
-4.293372
-4.707599
-5.121629
-5.318195
-5.207734
-4.896648
-4.535145
-4.202663
-4.031390
-4.002278
-4.264830
-4.772293
-5.706884
-5.321244
-4.978818
-4.720074
-4.759562
-5.199457
-5.686301
-5.512566
-5.092180
-4.486598
-4.068508
-4.005322
-4.430772
-4.540245
-4.343122
-4.074257
-3.836334
-3.669574
-3.648996
-3.959431
-4.604399
-5.134178
-4.822015
-4.187416
-4.457373
-5.117860
-5.720653
-5.409736
-4.812985
-4.167255
-4.032956
-4.338719
-4.733888
-4.882294
-4.597441
-4.211319
-3.988939
-3.974844
-4.249268
-4.776873
-5.233552
-5.662596
-5.965421
-6.015172
-5.709558
-5.257027
-4.805608
-5.194000
-5.821070
-6.356425
-6.177826
-5.750998
-5.289698
-4.708903
-4.294180
-4.124602
-4.123971
-4.462518
-5.168326
-4.857488
-4.530186
-4.232185
-3.971359
-4.125083
-4.945933
-5.812939
-5.651820
-5.048077
-4.328602
-4.028543
-4.620143
-4.691398
-4.363845
-3.884766
-3.297543
-2.886532
-2.483116
-2.174344
-2.036054
-2.047463
-2.388439
-2.374916
-2.053986
-1.623148
-1.203748
-0.739249
-0.267510
0.230573
0.785500
1.282661
1.777887
2.061923
2.318682
2.184580
2.000525
1.776355
1.548470
1.273283
0.913897
0.581211
0.319930
0.045520
-0.369716
-0.878946
-1.562642
-1.394280
-1.112640
-0.801364
-0.451765
-0.140838
0.103663
0.342571
0.563379
0.757116
1.071232
1.392945
1.716963
1.187715
0.561022
-0.062544
-0.548115
-0.972039
-1.231039
-1.339576
-1.290778
-1.191353
-0.904598
-0.467024
-0.296968
-0.231432
-0.278979
-0.493518
-0.916380
-1.376195
-2.021022
-2.509660
-2.672817
-2.547697
-2.193378
-1.858499
-2.146733
-2.602221
-3.013589
-3.125555
-2.967509
-2.680287
-2.390759
-2.268690
-2.636519
-3.239527
-3.405152
-3.134641
-3.045098
-3.309614
-3.820393
-4.228673
-4.009915
-3.637552
-3.283307
-3.280815
-3.806485
-4.535678
-4.566034
-4.372454
-4.419314
-4.972969
-5.593111
-5.483055
-5.065301
-4.734192
-4.968118
-5.804271
-5.739866
-5.090651
-4.316666
-4.193496
-4.300625
-3.792237
-3.316398
-2.972641
-3.115595
-3.613623
-4.298283
-4.709203
-4.543193
-4.281190
-3.960088
-3.575852
-3.648609
-3.880400
-3.637407
-3.321264
-3.059258
-3.010030
-3.613119
-4.565654
-4.448887
-3.863929
-3.208143
-3.278023
-4.054311
-3.547834
-3.075967
-3.029398
-3.647731
-4.375195
-4.321491
-3.780485
-3.111790
-2.594110
-2.281606
-2.482345
-3.071744
-3.652036
-3.165344
-2.647748
-2.228607
-1.914986
-1.698541
-1.611094
-1.653753
-1.987115
-2.342594
-2.895851
-3.418753
-4.001576
-3.996157
-4.047135
-3.889251
-3.923756
-4.018486
-4.272364
-4.584459
-4.919950
-5.225347
-5.157748
-4.823906
-4.408779
-4.247981
-3.986386
-3.741284
-3.612434
-3.752645
-3.959568
-4.173301
-4.599091
-5.088284
-5.633600
-6.074353
-6.525456
-6.755957
-7.370703
-7.877245
-8.293802
-8.721352
-9.054180
-9.457330
-10.082405
-10.583487
-10.894962
-10.988895
-11.433755
-11.070696
-10.508395
-10.075672
-9.724955
-9.407842
-9.001727
-8.541883
-8.122123
-7.814390
-7.575731
-7.243256
-7.004296
-6.745506
-6.328605
-5.996952
-5.779441
-5.633690
-5.558932
-5.362284
-5.077041
-4.918908
-4.913087
-5.090190
-5.266450
-5.485968
-5.495267
-5.526779
-5.394555
-5.274011
-5.065787
-4.730698
-4.217764
-3.714041
-3.070063
-2.397719
-1.794303
-1.199406
-1.319216
-1.531685
-1.822178
-2.164365
-2.331325
-2.533801
-2.779309
-2.881199
-2.799357
-2.652596
-2.399109
-1.947175
-2.124347
-2.132274
-2.056536
-1.963995
-1.811634
-1.614679
-1.348703
-0.990555
-0.599588
-0.181029
0.209106
0.520803
0.680543
0.675422
0.391510
-0.047176
-0.583030
-0.993192
-1.292725
-1.505020
-1.658111
-1.794080
-1.845737
-1.815090
-2.298227
-2.745780
-3.331109
-3.936459
-4.338599
-4.574964
-4.635277
-4.421719
-3.961360
-3.452437
-2.841843
-2.986883
-2.840562
-2.630408
-2.262224
-1.819510
-1.417111
-1.275923
-1.638755
-2.081250
-2.460202
-2.367016
-1.971913
-1.856775
-1.593381
-1.358952
-1.348719
-1.770437
-2.316145
-2.722118
-3.054549
-3.227567
-3.244694
-3.151217
-3.769697
-4.363836
-4.863136
-5.359658
-5.841878
-6.404103
-6.776386
-7.017731
-6.757498
-6.307419
-5.719247
-5.082310
-4.409350
-4.760038
-5.242917
-5.766824
-6.270782
-6.809549
-7.414942
-8.049315
-8.516383
-8.497625
-8.133565
-7.586566
-7.452146
-7.401114
-7.482183
-7.595794
-7.925485
-8.536849
-9.125174
-9.736902
-10.103159
-10.219951
-10.126124
-9.704829
-9.257207
-9.080816
-9.208857
-9.411403
-9.631443
-10.110501
-10.549497
-11.011210
-11.381601
-11.090213
-10.479443
-10.017636
-9.690690
-9.688866
-9.827211
-10.123565
-10.417734
-10.729071
-11.234177
-11.270060
-10.751191
-10.217054
-9.723657
-9.463874
-9.227965
-9.367344
-9.716970
-9.993572
-10.283303
-10.480957
-10.623595
-10.522451
-10.019422
-9.368118
-8.686258
-8.524862
-8.625609
-8.863625
-9.183887
-9.273570
-9.603895
-9.829744
-9.610507
-9.168106
-8.715301
-8.191378
-8.092618
-8.067228
-8.315577
-8.786639
-9.216151
-9.577737
-9.273675
-9.031199
-8.775504
-8.517148
-7.981805
-7.267818
-7.667606
-8.062901
-8.424692
-8.916688
-9.341121
-9.382310
-9.165232
-8.922319
-8.636270
-8.174384
-7.623691
-6.955749
-7.341758
-7.845690
-8.188175
-8.682158
-9.207267
-9.480906
-9.775265
-9.774082
-9.459062
-9.007677
-8.475136
-8.012259
-8.127311
-8.410443
-8.689819
-9.159617
-9.511348
-10.086007
-10.689172
-10.928397
-10.606077
-10.409698
-10.191470
-9.710239
-8.903379
-9.092314
-9.427930
-9.749166
-10.451885
-11.093169
-11.495925
-11.418887
-11.146929
-10.650096
-10.193031
-9.571255
-8.903950
-9.109965
-9.402886
-9.946168
-10.462477
-11.041897
-11.086894
-11.129643
-11.090277
-10.583984
-9.998047
-9.570698
-9.078461
-9.125416
-9.447057
-9.917080
-10.342744
-10.897360
-11.346523
-11.673977
-11.798136
-11.492726
-11.022085
-10.635577
-10.422168
-10.348214
-10.290323
-10.238317
-10.660665
-11.186808
-11.823946
-12.066052
-12.628465
-12.961915
-12.709007
-12.373463
-11.881005
-11.364972
-11.159201
-11.173807
-11.172310
-11.207718
-11.703879
-12.214745
-12.513890
-12.837217
-12.993117
-12.509095
-11.967774
-11.611034
-11.104584
-11.058761
-11.218988
-11.466621
-11.592368
-12.131853
-12.605306
-12.279021
-11.965372
-11.309074
-10.613366
-10.495764
-10.462038
-10.494970
-10.629256
-11.130145
-11.447960
-11.153660
-10.863258
-10.416729
-9.725557
-9.126910
-8.672357
-8.897825
-9.264380
-9.539743
-9.836302
-9.725984
-9.276527
-8.715840
-8.316533
-7.976680
-7.673864
-7.559374
-8.084635
-8.394075
-8.313201
-7.862402
-7.347833
-6.871386
-6.455696
-6.201517
-5.914729
-5.806986
-5.939093
-6.230261
-6.720721
-6.290305
-5.891687
-5.520660
-5.111694
-4.691386
-4.464055
-4.470043
-4.638378
-4.977867
-5.370815
-5.481099
-5.481443
-5.198611
-4.968463
-4.974863
-5.225837
-5.663807
-6.301812
-6.878427
-6.802882
-6.529876
-6.190080
-5.821906
-5.926810
-6.124522
-6.632124
-7.379345
-8.080905
-8.413926
-8.012514
-7.600857
-7.059189
-6.568256
-6.254962
-6.116199
-6.715872
-7.011049
-6.718674
-6.205965
-5.697812
-5.250890
-4.857364
-4.720349
-4.836164
-5.154779
-5.797648
-6.363338
-6.390123
-5.878897
-5.346112
-5.160927
-5.148457
-5.429389
-5.977061
-6.730679
-7.308546
-7.483208
-7.214969
-6.567863
-5.809300
-6.263721
-6.810225
-7.079062
-7.374981
-7.427182
-7.083827
-6.609156
-5.918123
-5.220059
-4.695576
-4.623715
-4.900096
-4.894832
-4.690319
-4.355626
-4.059847
-3.671735
-3.248945
-3.201528
-3.638912
-4.355832
-4.828512
-5.052854
-4.581216
-4.242967
-4.169639
-4.256978
-4.557194
-5.164117
-5.905961
-6.586825
-6.994298
-7.040137
-6.719544
-0.286394
-0.311774
-0.342018
-0.368505
-0.398931
-0.417007
-0.442977
-0.460109
-0.478705
-0.500134
-0.517671
-0.528834
-0.550294
-0.566323
-0.587277
-0.602085
-0.609787
-0.618063
-0.637873
-0.652592
-0.668525
-0.687661
-0.701104
-0.719923
-0.727346
-0.743809
-0.758788
-0.766286
-0.776777
-0.789206
-0.802074
-0.815447
-0.827731
-0.836892
-0.847343
-0.859609
-0.875520
-0.878015
-0.896922
-0.910178
-0.921226
-0.934567
-0.937662
-0.945036
-0.959842
-0.964415
-0.977363
-0.984787
-1.001222
-1.016392
-1.033733
-1.037106
-1.046023
-1.052949
-1.054311
-1.058493
-1.067735
-1.072862
-1.073860
-1.082347
-1.097058
-1.107512
-1.109209
-1.114020
-1.114488
-1.123002
-1.133393
-1.142744
-1.157857
-1.163627
-1.167010
-1.164503
-1.172701
-1.174576
-1.183779
-1.187703
-1.188772
-1.195031
-1.198741
-1.208585
-1.211991
-1.223750
-1.221449
-1.231806
-1.231103
-1.228835
-1.239709
-1.246193
-1.250844
-1.262432
-1.264488
-1.271047
-1.276783
-1.280385
-1.283962
-1.290521
-1.301841
-1.308009
-1.315895
-1.320246
-1.323982
-1.333304
-1.332578
-1.338015
-1.345899
-1.351972
-1.359419
-1.367690
-1.374978
-1.378458
-1.382301
-1.393104
-1.398667
-1.404319
-1.400842
-1.408465
-1.407003
-1.411822
-1.410301
-1.415531
-1.414560
-1.419802
-1.418990
-1.422136
-1.421387
-1.411918
-1.415806
-1.411138
-1.405140
-1.408476
-1.415841
-1.424928
-1.429424
-1.427597
-1.429823
-1.431025
-1.428271
-1.426760
-1.431533
-1.425655
-1.431003
-1.433912
-1.437319
-1.441884
-1.437732
-1.434322
-1.438970
-1.441781
-1.446933
-1.445258
-1.450525
-1.452148
-1.458134
-1.459094
-1.458175
-1.463867
-1.454767
-1.457022
-1.452117
-1.448795
-1.446255
-1.447961
-1.443983
-1.442446
-1.436378
-1.435540
-1.442665
-1.443327
-1.443755
-1.442478
-1.449473
-1.439283
-1.435169
-1.442378
-1.443936
-1.442236
-1.445144
-1.445031
-1.451782
-1.450847
-1.450544
-1.451356
-1.450614
-1.454445
-1.457076
-1.457404
-1.460245
-1.458664
-1.462867
-1.457478
-1.453615
-1.454454
-1.459736
-1.457737
-1.471622
-1.480403
-1.479021
-1.470605
-1.469655
-1.470513
-1.464682
-1.468113
-1.468498
-1.463547
-1.456483
-1.455993
-1.459598
-1.463295
-1.465981
-1.458774
-1.456074
-1.458296
-1.460218
-1.461087
-1.460230
-1.456911
-1.451741
-1.451493
-1.450534
-1.451797
-1.458328
-1.466192
-1.464653
-1.462913
-1.464018
-1.467653
-1.465259
-1.467974
-1.469221
-1.469460
-1.464412
-1.459781
-1.467462
-1.477796
-1.477599
-1.479071
-1.482201
-1.481941
-1.484470
-1.479229
-1.469088
-1.472080
-1.466848
-1.469306
-1.467624
-1.456612
-1.462752
-1.460808
-1.460159
-1.464096
-1.465931
-1.462093
-1.462458
-1.460183
-1.455540
-1.457806
-1.456316
-1.464096
-1.460963
-1.472093
-1.474966
-1.476261
-1.476547
-1.478319
-1.471405
-1.472320
-1.474873
-1.474804
-1.474297
-1.478849
-1.486285
-1.486256
-1.482079
-1.479777
-1.475973
-1.476085
-1.476065
-1.476213
-1.473404
-1.471915
-1.478271
-1.486260
-1.483759
-1.477509
-1.474889
-1.475333
-1.478594
-1.480796
-1.481150
-1.480664
-1.482119
-1.478405
-1.485843
-1.475718
-1.476415
-1.472410
-1.472767
-1.482583
-1.481828
-1.479974
-1.483925
-1.482068
-1.474504
-1.476059
-1.473712
-1.470078
-1.467879
-1.468042
-1.467060
-1.469024
-1.465382
-1.462158
-1.467853
-1.468393
-1.475255
-1.479039
-1.477380
-1.467604
-1.469766
-1.468371
-1.466503
-1.463189
-1.467380
-1.465295
-1.466009
-1.470166
-1.472970
-1.476813
-1.479618
-1.489865
-1.489961
-1.491310
-1.496457
-1.504314
-1.503359
-1.506321
-1.502079
-1.494596
-1.489461
-1.488156
-1.498065
-1.495317
-1.498309
-1.504478
-1.506837
-1.505669
-1.505394
-1.508201
-1.505635
-1.510691
-1.510178
-1.500416
-1.501198
-1.503524
-1.501990
-1.503630
-1.500694
-1.500718
-1.496844
-1.496190
-1.493709
-1.487303
-1.486412
-1.484440
-1.482708
-1.481365
-1.481948
-1.485897
-1.483888
-1.483747
-1.487511
-1.485144
-1.480777
-1.477366
-1.479339
-1.475825
-1.480347
-1.487321
-1.486828
-1.493264
-1.485960
-1.485864
-1.486965
-1.486888
-1.486763
-1.483233
-1.479815
-1.483735
-1.487201
-1.482842
-1.476350
-1.470373
-1.465702
-1.467136
-1.471163
-1.471605
-1.473894
-1.474648
-1.472421
-1.474368
-1.472253
-1.478113
-1.472894
-1.470593
-1.465411
-1.466476
-1.469110
-1.473348
-1.472547
-1.474339
-1.472672
-1.474573
-1.476006
-1.470585
-1.481365
-1.477696
-1.478441
-1.475528
-1.470016
-1.469601
-1.476451
-1.474281
-1.476881
-1.487108
-1.492265
-1.495192
-1.495473
-1.498480
-1.494577
-1.490555
-1.490164
-1.481451
-1.479403
-1.480751
-1.483650
-1.489100
-1.486541
-1.486287
-1.490189
-1.491822
-1.489442
-1.486699
-1.490598
-1.484719
-1.482479
-1.482989
-1.481481
-1.484963
-1.482440
-1.482696
-1.483415
-1.480711
-1.479400
-1.482393
-1.488772
-1.493748
-1.495702
-1.489875
-1.490589
-1.494390
-1.499964
-1.502690
-1.506413
-1.510996
-1.518190
-1.525971
-1.527662
-1.522027
-1.520406
-1.521546
-1.520159
-1.520258
-1.519219
-1.510913
-1.509070
-1.512052
-1.510752
-1.509529
-1.511289
-1.516907
-1.518354
-1.516566
-1.514550
-1.512472
-1.519892
-1.529134
-1.527030
-1.520770
-1.516061
-1.508397
-1.507003
-1.511012
-1.517381
-1.518079
-1.518953
-1.514851
-1.506038
-1.507008
-1.512439
-1.517651
-1.522305
-1.526454
-1.524434
-1.520263
-1.523474
-1.528059
-1.528371
-1.528956
-1.534180
-1.535557
-1.531966
-1.534950
-1.535936
-1.529897
-1.526580
-1.521080
-1.519059
-1.510864
-1.509354
-1.509232
-1.505464
-1.507427
-1.507381
-1.501909
-1.498573
-1.499673
-1.503940
-1.504721
-1.500087
-1.502493
-1.506537
-1.508796
-1.504123
-1.508539
-1.515469
-1.515311
-1.509325
-1.510243
-1.511342
-1.513286
-1.517432
-1.513721
-1.517956
-1.519585
-1.523264
-1.525152
-1.531115
-1.529853
-1.528128
-1.526282
-1.521348
-1.523905
-1.524417
-1.518439
-1.522177
-1.522511
-1.520826
-1.521350
-1.526579
-1.526217
-1.520527
-1.514936
-1.513385
-1.512266
-1.512728
-1.513760
-1.513540
-1.512373
-1.513337
-1.510749
-1.512536
-1.505677
-1.508061
-1.508579
-1.507925
-1.504169
-1.504173
-1.499134
-1.502881
-1.506786
-1.501129
-1.502264
-1.505110
-1.504829
-1.499270
-1.502442
-1.505771
-1.507867
-1.507147
-1.512467
-1.508936
-1.506693
-1.506241
-1.504438
-1.507711
-1.504924
-1.505410
-1.509754
-1.510989
-1.515253
-1.518559
-1.518766
-1.512454
-1.510838
-1.512592
-1.516714
-1.519825
-1.516497
-1.519759
-1.520720
-1.523895
-1.528464
-1.529013
-1.532055
-1.531716
-1.527028
-1.529891
-1.523748
-1.529630
-1.523840
-1.522720
-1.513839
-1.513337
-1.511275
-1.507179
-1.515566
-1.511324
-1.504472
-1.498503
-1.497161
-1.497067
-1.497268
-1.498068
-1.496415
-1.493473
-1.491044
-1.495074
-1.497787
-1.504777
-1.499583
-1.498310
-1.493539
-1.495274
-1.497404
-1.496944
-1.505928
-1.503389
-1.499863
-1.505532
-1.508707
-1.506789
-1.508833
-1.503765
-1.505044
-1.508035
-1.510718
-1.513567
-1.511959
-1.512404
-1.506862
-1.510500
-1.500722
-1.495962
-1.488034
-1.476265
-1.470654
-1.469117
-1.469584
-1.466481
-1.475885
-1.496213
-1.520853
-1.533898
-1.538469
-1.536918
-1.545741
-1.544757
-1.526770
-1.500799
-1.484466
-1.466484
-1.450793
-1.443379
-1.439462
-1.435968
-1.443303
-1.461366
-1.476621
-1.487007
-1.511176
-1.510527
-1.506302
-1.498686
-1.490074
-1.482427
-1.472005
-1.466346
-1.464598
-1.477994
-1.475639
-1.477845
-1.477128
-1.478378
-1.482255
-1.478673
-1.484387
-1.489267
-1.486693
-1.491592
-1.497079
-1.492322
-1.486740
-1.485919
-1.486527
-1.480644
-1.476226
-1.478613
-1.475907
-1.478855
-1.481024
-1.479858
-1.482125
-1.486631
-1.486235
-1.492656
-1.489718
-1.487711
-1.499452
-1.503421
-1.500324
-1.499799
-1.494885
-1.497863
-1.498668
-1.503263
-1.502897
-1.496616
-1.500536
-1.504896
-1.511834
-1.512151
-1.511224
-1.509672
-1.500020
-1.491988
-1.487137
-1.486102
-1.476065
-1.467656
-1.470500
-1.467308
-1.480760
-1.486568
-1.501586
-1.498931
-1.497942
-1.487277
-1.485423
-1.487725
-1.489799
-1.493469
-1.488834
-1.485350
-1.478862
-1.471032
-1.482487
-1.487310
-1.493436
-1.491986
-1.488954
-1.492359
-1.490231
-1.485448
-1.474487
-1.477239
-1.480047
-1.480587
-1.481250
-1.484766
-1.492626
-1.492016
-1.489919
-1.492752
-1.484752
-1.480916
-1.474725
-1.468620
-1.470820
-1.474543
-1.474282
-1.477601
-1.479903
-1.480970
-1.481309
-1.481259
-1.475384
-1.478495
-1.480680
-1.484241
-1.489943
-1.490773
-1.481366
-1.486608
-1.493700
-1.493901
-1.498363
-1.501387
-1.498792
-1.482654
-1.476728
-1.475049
-1.478714
-1.483509
-1.483818
-1.482530
-1.479439
-1.471719
-1.471687
-1.469639
-1.476803
-1.477224
-1.480299
-1.482124
-1.482226
-1.489238
-1.487832
-1.495165
-1.493643
-1.490332
-1.487288
-1.485931
-1.481263
-1.482760
-1.485571
-1.477145
-1.478274
-1.473920
-1.469364
-1.464569
-1.462434
-1.467227
-1.467758
-1.465827
-1.470362
-1.464514
-1.461881
-1.459746
-1.457331
-1.453285
-1.451125
-1.445139
-1.451471
-1.457004
-1.465458
-1.467220
-1.466633
-1.467336
-1.468429
-1.467817
-1.458095
-1.457323
-1.449574
-1.441432
-1.435435
-1.429986
-1.434746
-1.438145
-1.441713
-1.438075
-1.440738
-1.439546
-1.448552
-1.453887
-1.463468
-1.467157
-1.466239
-1.468811
-1.457160
-1.456320
-1.456436
-1.458727
-1.454956
-1.451177
-1.447051
-1.450100
-1.453413
-1.458980
-1.461118
-1.461330
-1.464901
-1.459165
-1.460448
-1.459803
-1.467225
-1.474789
-1.470277
-1.462181
-1.459318
-1.462258
-1.467471
-1.466916
-1.467273
-1.470761
-1.468180
-1.473316
-1.479982
-1.480174
-1.480838
-1.482711
-1.484551
-1.483435
-1.478776
-1.482936
-1.474594
-1.475287
-1.474809
-1.477149
-1.471323
-1.473920
-1.470570
-1.472094
-1.467453
-1.464529
-1.461575
-1.458672
-1.462564
-1.464342
-1.467828
-1.462800
-1.463271
-1.469116
-1.465723
-1.464781
-1.460362
-1.457235
-1.460516
-1.463064
-1.458600
-1.461637
-1.466323
-1.468118
-1.469641
-1.469883
-1.463499
-1.456384
-1.457858
-1.458872
-1.467984
-1.477413
-1.478194
-1.477733
-1.487859
-1.496361
-1.494844
-1.496041
-1.492750
-1.492355
-1.492737
-1.485900
