y:
0.392079
0.341835
0.466360
0.640468
0.702702
0.637747
0.449863
0.427462
0.626590
0.382860
0.600455
0.352575
0.722582
0.422533
0.745324
1.081668
0.658519
0.458343
0.903906
0.785782
0.092588
-0.277571
0.048005
0.619799
0.859501
0.500940
0.102547
-0.246435
-0.223529
0.018916
0.390756
0.478830
0.330997
0.157050
0.100171
0.127109
0.342336
0.621709
0.479141
0.369249
0.369145
0.458118
0.623440
0.873704
1.201978
1.565627
1.825923
1.945277
1.960684
1.952545
1.638655
1.140329
0.608282
-0.233737
-1.041569
-1.511697
-1.817276
-2.032032
-2.159640
-2.190600
-2.219258
-2.199015
-2.334022
-2.510249
-2.625472
-2.700274
-2.653413
-2.407031
-2.175634
-1.769658
-1.348603
-0.845810
-0.441747
-1.204735
-2.142732
-2.953221
-3.604125
-4.124406
-4.365160
-4.403318
-4.215555
-3.949475
-3.730747
-3.556080
-3.537722
-3.809793
-4.166787
-4.396161
-4.436339
-4.158540
-3.725278
-3.218088
-2.830880
-2.577925
-2.492287
-2.626020
-3.217046
-3.806773
-4.299829
-4.649631
-4.865099
-4.907654
-4.808128
-4.352478
-3.942408
-3.330977
-2.718219
-2.589563
-2.591950
-2.625468
-2.692970
-2.656158
-2.417235
-1.953225
-1.349726
-0.664320
-0.097359
0.411498
0.039445
-0.287791
-0.704905
-1.092717
-1.637892
-2.172234
-2.849032
-3.451400
-4.001322
-4.432011
-4.772255
-4.124828
-3.570800
-2.996785
-2.624617
-2.301239
-2.013240
-1.755830
-1.502399
-1.211083
-0.856489
-0.493703
-0.225271
-0.225856
-0.108038
0.047576
0.254120
0.398448
0.310310
-0.039966
-0.655129
-1.412804
-1.957386
-2.395520
-2.453159
-2.503857
-2.357588
-2.314849
-2.284651
-2.322414
-2.818966
-3.606784
-4.519756
-5.247569
-5.795160
-6.148113
-6.073317
-6.088732
-6.289866
-6.547879
-6.899572
-7.292823
-7.699273
-8.187280
-8.680125
-9.213120
-9.465399
-8.672086
-7.945199
-7.269452
-6.678461
-6.083114
-5.695924
-5.338943
-4.993243
-4.706935
-4.460104
-4.204775
-4.000343
-3.763460
-3.502875
-3.286666
-3.006181
-2.852060
-2.726006
-2.702143
-2.799747
-2.924684
-2.993312
-3.178044
-2.964675
-2.625038
-2.292459
-2.062744
-2.058238
-2.052427
-2.153759
-2.221141
-2.152970
-1.988218
-1.763446
-1.477782
-1.521183
-1.744462
-2.110357
-2.629580
-3.310658
-4.005438
-4.522293
-5.006066
-5.227622
-5.124934
-4.897872
-5.395559
-5.965774
-6.302886
-6.232451
-5.758129
-5.110651
-4.400453
-4.104608
-4.161320
-4.514095
-4.822573
-4.825617
-5.573849
-6.222112
-6.063209
-5.386952
-4.919601
-5.136832
-5.811584
-5.874472
-5.558395
-5.157080
-5.001860
-5.137649
-5.132025
-5.902814
-6.190132
-5.696191
-5.068115
-5.324877
-5.781092
-5.391194
-4.569369
-4.552734
-4.838934
-4.489254
-3.877410
-3.848123
-4.313445
-4.074552
-3.395885
-3.548260
-3.899207
-3.561701
-3.230817
-3.300682
-3.209809
-3.336508
-3.739496
-3.942244
-3.799089
-3.798411
-3.876844
-4.398684
-3.993496
-4.191327
-4.779323
-4.130120
-4.524088
-4.873351
-4.401306
-4.720414
-4.910514
-4.294949
-4.665790
-4.856711
-4.419892
-4.633872
-4.731795
-4.573141
-4.601890
-5.026767
-4.865871
-4.279952
-4.229587
-4.675965
-4.739385
-4.210611
-3.812924
-4.072073
-4.542454
-4.553156
-4.088124
-3.777998
-3.591245
-3.497942
-3.565768
-3.584951
-3.538736
-3.604106
-3.719323
-3.879206
-4.148992
-4.273183
-4.421292
-4.482345
-4.432522
-4.302075
-4.259576
-4.178513
-4.141919
-4.099983
-4.018602
-3.896504
-3.589614
-3.141193
-2.717112
-2.915412
-3.341614
-3.779674
-4.208125
-4.234590
-3.895942
-3.558505
-3.081347
-2.704452
-2.391696
-2.165098
-2.102431
-2.343969
-2.428291
-2.356465
-2.230056
-2.177162
-2.115215
-2.172200
-2.292206
-2.460565
-2.669077
-3.043107
-3.356076
-3.598618
-3.621613
-3.406029
-3.128950
-2.620830
-2.209081
-1.946146
-1.878316
-2.070133
-2.298808
-2.496004
-2.127463
-1.603385
-1.045332
-0.406231
0.271595
0.927329
1.495707
2.044540
2.241539
2.419346
2.666348
2.686245
2.633893
2.727134
2.958268
3.390705
3.914408
4.252235
4.364738
4.451495
4.663322
4.821135
4.704816
5.013554
5.502856
5.757504
5.872552
6.116241
6.418860
6.029085
6.106976
6.483562
6.749232
6.641423
6.962004
6.739079
6.387600
6.418772
6.430607
5.740640
5.492321
5.186541
4.374620
3.611446
3.552039
3.343421
2.840265
2.572470
2.610279
2.777986
3.017867
3.425485
3.760695
4.103586
3.993746
3.039456
2.438762
2.812175
2.491723
1.695296
1.168850
1.011962
1.229615
1.697250
2.186507
2.414921
2.484157
2.491988
2.324422
2.589832
2.529287
2.234536
1.595254
0.845421
0.263552
0.283268
0.599065
0.968935
1.310319
1.488362
1.731951
2.185679
2.718628
3.161300
3.076491
2.240072
1.555168
1.138951
1.175176
1.215471
1.028293
0.415668
-0.041861
-0.311798
-0.411988
-0.414797
-0.366348
-0.326303
-0.368635
-0.312985
-0.156313
0.138746
0.695814
1.173720
1.250357
1.305761
1.294410
1.408564
1.454702
1.383030
1.189969
0.863762
0.568999
0.061221
-0.511397
-0.992005
-1.120544
-1.197094
-1.165996
-1.098857
-0.978437
-0.658686
-0.131499
0.434925
0.863826
0.916594
0.954043
1.005416
1.177883
1.178757
0.813090
0.252060
-0.242852
-0.508076
-0.567903
-0.360702
-0.336169
-0.454106
-0.590743
-0.571648
-0.428540
-0.123992
0.342788
0.929932
1.380185
1.700384
1.552968
1.308655
1.540017
1.611166
1.686789
1.532302
1.319801
1.027238
0.507573
-0.116240
-0.744621
-1.299335
-1.424108
-1.449561
-1.547346
-1.747985
-2.021725
-2.189105
-2.052934
-1.686912
-1.162016
-0.641923
-0.483955
-0.519294
-0.751220
-0.162691
0.195295
0.050023
-0.764778
-1.507126
-1.964563
-1.968332
-1.683740
-1.194035
-0.664028
-0.269055
-0.035644
0.044040
0.477362
0.982012
1.441567
1.867016
1.813635
1.454272
0.811259
0.493821
0.431143
0.538586
-0.114054
-1.201584
-1.953681
-2.299037
-2.371774
-2.267075
-2.087696
-1.923137
-1.887271
-1.921623
-2.029526
-2.710663
-3.099802
-3.377951
-3.528697
-3.633406
-3.724077
-3.820857
-4.019653
-4.079747
-4.073318
-3.797571
-3.373653
-3.214503
-3.321248
-3.574870
-3.780826
-3.839347
-3.424716
-2.817396
-2.172024
-1.563646
-1.090170
-0.847236
-0.813646
-1.590650
-2.158243
-2.521232
-2.743926
-2.708475
-2.498436
-2.274524
-2.065496
-1.870609
-1.897239
-2.010464
-2.258604
-2.743222
-2.793496
-2.625337
-2.349422
-2.070064
-1.924927
-1.857819
-1.822567
-1.808570
-1.838203
-1.873995
-1.829617
-1.767613
-1.690395
-1.445331
-1.149355
-0.740869
-0.354048
0.011842
0.145678
0.247023
0.327718
0.528985
0.773460
0.919874
1.090464
1.201333
1.347730
1.528552
1.776243
1.998976
2.124412
2.008371
1.686368
1.478900
1.401091
1.539971
1.674436
1.714265
1.556222
1.480390
1.495166
1.614564
1.697710
1.695826
1.881179
2.253119
2.539704
2.683193
2.531755
2.551169
2.792901
3.238620
3.727493
3.728313
3.090829
2.559875
2.119926
1.759404
1.301914
0.894464
0.589657
0.375513
0.041915
-0.345910
-0.656802
-0.738861
-0.589852
-0.230740
0.168154
0.520542
0.846972
0.968187
1.282830
1.709260
2.216775
2.718627
2.963790
2.786712
2.331221
2.067701
1.970608
2.029472
1.876438
1.708957
1.503994
1.251869
0.891689
0.420600
-0.271978
-0.511887
-0.621235
-0.652705
-0.881886
-1.351206
-1.987496
-2.771058
-2.932903
-2.974197
-2.932353
-2.940367
-3.013944
-3.180637
-3.560252
-4.033054
-4.596375
-5.030757
-5.527794
-5.850158
-5.499105
-5.311784
-5.625387
-6.217951
-7.063689
-7.737667
-8.198855
-8.326922
-8.180382
-7.855499
-7.617667
-7.432985
-7.531399
-7.509428
-7.299590
-6.950540
-6.412852
-5.957919
-5.589026
-5.321092
-4.971411
-4.661195
-4.272848
-3.860511
-3.467667
-3.647029
-4.113966
-4.542665
-4.639968
-4.416786
-4.174268
-4.000480
-3.950631
-3.919688
-4.087606
-4.040344
-3.519081
-3.508047
-4.225366
-4.401955
-3.992368
-3.796034
-4.222999
-4.633737
-4.497000
-4.235433
-4.115005
-4.223052
-3.645968
-3.742938
-4.177037
-4.360660
-4.116691
-3.532556
-2.980460
-2.768365
-2.833590
-3.007422
-3.010940
-2.905300
-2.747407
-3.421027
-3.759413
-3.463768
-2.910272
-2.496121
-2.428835
-2.714068
-3.068529
-3.352721
-3.412769
-3.398793
-3.385100
-3.897916
-4.454289
-4.939574
-5.235641
-5.487505
-5.479658
-5.450330
-5.320090
-5.371484
-5.414248
-5.647316
-5.818472
-6.085981
-6.147246
-6.127636
-5.960906
-5.889670
-5.878323
-6.003314
-6.186589
-6.509812
-6.939253
-7.348923
-7.879478
-7.522311
-7.079668
-6.610634
-6.057677
-5.581168
-5.095350
-4.633807
-4.160432
-3.782508
-3.425118
-3.191065
-3.020627
-3.668703
-4.300029
-4.832192
-5.326741
-5.826956
-6.199432
-6.251143
-6.231321
-6.053742
-5.957549
-5.985253
-6.408579
-6.928855
-7.187723
-7.433721
-7.537197
-7.696695
-7.719466
-7.781568
-7.829875
-7.941032
-8.131141
-8.242734
-8.070258
-7.896489
-7.612222
-7.253542
-6.733860
-6.060691
-5.374505
-4.595684
-3.871574
-3.186410
-2.741869
-2.600190
-2.388944
-2.027438
-1.549352
-0.946693
-0.375676
-0.280278
-0.651304
-1.281122
-1.805532
-2.013708
-1.949376
-1.977845
-2.457063
-2.741899
-2.755613
-2.370754
-1.873246
-1.559202
-1.488269
-1.571650
-1.842632
-2.013352
-2.240186
-2.588590
-2.571402
-2.047760
-1.430383
-1.103977
-1.248338
-1.598309
-1.712809
-1.731052
-1.737001
-1.786501
-1.806437
-1.849553
-2.346786
-2.413123
-1.786116
-1.216198
-1.501807
-2.126888
-2.117847
-1.558240
-1.626016
-2.300267
-2.239883
-2.267407
-2.137229
-1.770470
-1.508234
-1.721815
-1.951860
-1.843423
-1.656857
-1.940513
-2.198308
-2.049227
-1.505274
-1.428114
-1.944856
-1.845793
-1.232701
-1.047587
-1.812238
-2.012330
-1.547550
-1.620844
-2.163935
-2.138969
-2.092714
-1.865377
-1.631964
-1.528068
-1.754431
-1.833638
-1.797152
-1.854632
-1.989046
-2.056225
-1.961920
-1.306557
-1.259513
-1.790281
-1.952331
-1.476007
-1.034879
-1.597609
-2.137812
-2.052541
-1.478820
-1.371596
-1.727380
-1.892074
-1.695101
-1.350796
-1.200589
-1.554293
-1.976433
-2.059629
-2.029796
-1.914821
-1.899309
-1.908447
-1.921909
-2.288531
-2.018595
-1.389575
-0.968574
-1.462352
-2.179939
-2.135326
-1.744414
-1.736544
-2.232796
-2.431719
-2.149267
-2.267244
-1.896018
-1.316410
-1.202449
-1.738515
-1.999327
-1.692668
-1.342095
-1.924006
-2.401179
-2.056745
-1.670840
-2.027243
-2.048644
-1.655796
-1.261201
-1.279020
-1.621390
-1.498884
-1.452829
-1.792688
-1.990456
-1.890318
-1.769058
-1.917805
-1.552641
-2.002307
-2.273171
-1.909581
-1.577063
-2.344848
-2.795603
-2.387226
-2.310905
-2.743495
-2.739312
-2.183229
-1.993721
-2.400525
-2.310501
-1.847767
-1.741669
-2.305807
-2.391919
-2.077967
-2.329547
-2.859786
-2.712409
-2.664299
-2.376179
-2.078638
-2.114114
-2.086042
-1.861549
-1.756609
-2.032084
-2.117950
-2.177611
-2.352880
-2.478539
-2.616633
-2.659908
-2.976158
-2.481062
-2.003907
-2.313257
-2.341781
-1.973401
-2.152428
-2.372456
-2.384271
-2.494263
-2.609955
-2.078608
-1.974712
-2.202613
-1.712813
-1.364134
-1.645657
-1.552474
-1.396616
-1.672230
-1.838163
-1.954299
-1.884919
-1.849738
-1.275796
-1.053136
-1.465515
-1.290673
-1.030498
-1.350180
-1.595543
-1.510568
-1.490564
-1.467992
-1.335874
-0.637935
-0.664645
-1.402061
-1.578372
-1.076019
-1.053384
-1.397072
-1.427478
-1.026454
-0.750441
-0.770224
-1.328785
-1.272973
-0.749690
-0.753647
-1.305051
-1.664086
-1.384810
-0.784964
-0.319557
-0.483853
-1.179434
-1.549903
-1.272348
-1.471327
-1.547307
-1.355953
-1.063504
-0.727863
-0.436241
-0.747646
-1.304510
-1.957570
-2.352404
-2.260585
-1.850709
-1.631122
-1.451385
-1.149869
-0.834705
-0.496240
-0.335455
-0.562232
-1.210053
-1.741028
-2.021539
-1.899140
-1.540302
-1.147522
-0.860565
-0.707643
-0.785318
-0.971118
-1.274027
-1.531607
-1.676412
-1.492303
-0.914840
-0.329687
-0.302962
-0.840985
-1.416914
-1.591465
-1.577311
-1.529920
-1.449403
-1.204944
-0.788844
-0.255761
0.109756
-0.083128
-0.810271
-1.075980
-1.191966
-1.027864
-1.003117
-1.030501
-1.152245
-1.133494
-0.866991
-0.330932
-0.154611
-0.472060
-0.996980
-1.122587
-1.171235
-1.241743
-1.295832
-1.287619
-1.076361
-0.859100
-0.873955
-1.131203
-1.423177
-1.408983
-0.955549
-0.841376
-0.867502
-0.836713
-0.675342
-0.448393
-0.174022
0.279925
0.359196
0.102341
-0.646991
-1.573627
-1.707392
-1.636901
-1.579907
-1.684565
-1.903029
-2.164662
-2.285814
-2.110445
-1.588175
-1.015458
-0.862293
0.202750
0.200628
0.199025
0.195643
0.198834
0.199662
0.201740
0.198314
0.191022
0.191692
0.191380
0.186847
0.187588
0.193096
0.192478
0.194951
0.196366
0.193303
0.190556
0.186558
0.188142
0.192862
0.189864
0.191118
0.189231
0.186573
0.186565
0.188665
0.192030
0.186698
0.186967
0.189129
0.192727
0.184248
0.189547
0.188949
0.194148
0.193987
0.194105
0.200179
0.195203
0.192937
0.189416
0.189910
0.192396
0.193847
0.197648
0.194555
0.188126
0.187602
0.187366
0.190474
0.190407
0.197899
0.196879
0.190389
0.192934
0.191507
0.188011
0.189011
0.186359
0.186630
0.181927
0.176516
0.173851
0.175731
0.172813
0.176748
0.176693
0.178683
0.179382
0.183928
0.185568
0.190075
0.197339
0.195303
0.192000
0.192164
0.192054
0.191994
0.191393
0.190800
0.188631
0.187291
0.185181
0.183913
0.189265
0.185815
0.182955
0.181706
0.180242
0.178556
0.176378
0.176067
0.173405
0.172898
0.172360
0.178419
0.176225
0.177755
0.177658
0.181534
0.178500
0.179986
0.178302
0.176644
0.174233
0.178935
0.187825
0.181806
0.187792
0.181499
0.175864
0.180553
0.186515
0.190920
0.191383
0.185296
0.186108
0.183760
0.180158
0.180590
0.182536
0.180535
0.179348
0.180814
0.184611
0.190671
0.196352
0.187234
0.189315
0.190839
0.194659
0.191896
0.186298
0.184723
0.185280
0.183999
0.183288
0.181799
0.180062
0.174438
0.177773
0.174295
0.173750
0.170088
0.164152
0.164363
0.158282
0.153366
0.157129
0.155371
0.150265
0.148380
0.151491
0.153755
0.150754
0.147287
0.144941
0.142380
0.140923
0.137392
0.144595
0.144119
0.147071
0.151750
0.147482
0.149023
0.143503
0.142791
0.139748
0.143865
0.145762
0.147367
0.144495
0.140630
0.139452
0.143480
0.143844
0.139203
0.143774
0.143326
0.143697
0.146389
0.146937
0.150114
0.145623
0.143316
0.140002
0.135707
0.134637
0.133322
0.132820
0.137618
0.136498
0.141656
0.140720
0.138505
0.141573
0.136994
0.132749
0.139039
0.147132
0.143740
0.147964
0.151316
0.150204
0.145445
0.143913
0.142163
0.142523
0.140271
0.147214
0.148794
0.148503
0.150824
0.149990
0.150190
0.152189
0.149752
0.154145
0.153223
0.163076
0.161975
0.165631
0.168389
0.161933
0.159291
0.160354
0.166912
0.172741
0.168053
0.168946
0.170613
0.168833
0.170466
0.161346
0.160297
0.157954
0.154608
0.155258
0.156656
0.155423
0.153976
0.159276
0.157201
0.152560
0.147752
0.143034
0.147577
0.141025
0.138278
0.144819
0.142793
0.140270
0.145719
0.148143
0.152785
0.156084
0.154083
0.151857
0.150981
0.150393
0.150878
0.148457
0.150531
0.148115
0.144966
0.147904
0.142670
0.143283
0.143376
0.141893
0.137295
0.147225
0.147247
0.146450
0.144650
0.145226
0.142658
0.138044
0.141377
0.140709
0.143461
0.138833
0.144272
0.144069
0.139698
0.136195
0.129364
0.132661
0.132164
0.136957
0.139497
0.142304
0.148379
0.145745
0.143951
0.139063
0.143914
0.141373
0.139409
0.137741
0.143150
0.142450
0.140986
0.145559
0.146121
0.144065
0.146760
0.148123
0.145761
0.141093
0.140174
0.148349
0.145980
0.147342
0.150195
0.149609
0.153992
0.158899
0.151880
0.153409
0.147794
0.146751
0.148850
0.148558
0.147780
0.149838
0.151635
0.149199
0.150495
0.155396
0.157616
0.153753
0.149966
0.151472
0.153228
0.153100
0.149068
0.143559
0.139459
0.134111
0.128375
0.128255
0.122877
0.126531
0.126434
0.130061
0.126484
0.129025
0.134597
0.137988
0.141071
0.144058
0.142039
0.136673
0.135322
0.135311
0.137955
0.142096
0.143772
0.141493
0.140305
0.134440
0.133399
0.135467
0.142037
0.146299
0.148433
0.152598
0.155639
0.154443
0.161582
0.158681
0.158461
0.159817
0.167686
0.164145
0.161198
0.159889
0.161488
0.162239
0.157498
0.156504
0.157917
0.157959
0.155919
0.159680
0.163089
0.171987
0.175704
0.171218
0.165497
0.156251
0.151637
0.147633
0.145537
0.142963
0.147726
0.143024
0.142832
0.144002
0.144600
0.144666
0.142378
0.141951
0.142073
0.137480
0.140028
0.137565
0.134626
0.140159
0.139260
0.142330
0.137202
0.131132
0.125428
0.127172
0.127062
0.117757
0.116004
0.114276
0.116258
0.115314
0.117786
0.116296
0.113520
0.112646
0.112566
0.105919
0.102047
0.098242
0.101313
0.106918
0.109308
0.105886
0.114046
0.117851
0.119261
0.122969
0.117968
0.117010
0.122790
0.124076
0.127928
0.124147
0.118570
0.125925
0.125816
0.125208
0.125157
0.124305
0.126866
0.121779
0.124944
0.120679
0.125377
0.125047
0.124468
0.127766
0.126860
0.119944
0.121551
0.123867
0.135522
0.137849
0.136220
0.136688
0.136111
0.130091
0.130195
0.125576
0.119747
0.114818
0.107304
0.112788
0.118407
0.115060
0.117529
0.125531
0.120218
0.125220
0.120419
0.117824
0.118679
0.125316
0.121576
0.128048
0.126601
0.122567
0.124376
0.119341
0.119929
0.118389
0.114256
0.115162
0.117635
0.112213
0.110305
0.105800
0.109272
0.111323
0.116801
0.119005
0.118536
0.120665
0.127509
0.126087
0.133028
0.128086
0.126378
0.125491
0.127468
0.128947
0.130126
0.130754
0.126361
0.123384
0.129385
0.136792
0.137262
0.138033
0.141869
0.136758
0.136726
0.133805
0.139786
0.138377
0.138539
0.141303
0.142232
0.142345
0.138269
0.139259
0.144659
0.147359
0.149767
0.152624
0.155663
0.162840
0.161475
0.167653
0.163590
0.158051
0.157848
0.160512
0.160001
0.159237
0.155865
0.155200
0.160344
0.161646
0.159269
0.156422
0.157312
0.151360
0.145794
0.140579
0.141481
0.138988
0.134185
0.133142
0.134964
0.134699
0.137268
0.130427
0.131550
0.133221
0.134239
0.133736
0.131659
0.124442
0.125943
0.127684
0.129927
0.131301
0.134028
0.130900
0.131237
0.129477
0.123025
0.116986
0.118349
0.114752
0.114911
0.116601
0.117217
0.114424
0.115891
0.112081
0.111215
0.112225
0.110055
0.116817
0.120850
0.115884
0.115462
0.105835
0.107728
0.105915
0.108353
0.110949
0.114591
0.114224
0.114626
0.114225
0.112016
0.111402
0.113426
0.107307
0.107844
0.117551
0.124873
0.122711
0.122420
0.122654
0.127091
0.130911
0.130210
0.133730
0.138674
0.134404
0.133361
0.136170
0.138279
0.140276
0.139922
0.138509
0.142870
0.146368
0.146406
0.144077
0.141008
0.139577
0.135817
0.135271
0.139467
0.131537
0.129502
0.130660
0.129959
0.126911
0.128880
0.126115
0.119757
0.125002
0.126490
0.122992
0.122705
0.116935
0.123270
0.125357
0.122136
0.123707
0.121046
0.128606
0.144299
0.140708
0.128947
0.114092
0.109263
0.103727
0.119852
0.144403
0.157666
0.155633
0.148690
0.132622
0.121708
0.137822
0.138008
0.138449
0.133928
0.123744
0.124770
0.130425
0.138161
0.143604
0.140545
0.143326
0.149826
0.151087
0.149972
0.142846
0.142169
0.144107
0.138690
0.142244
0.135800
0.133160
0.138576
0.141096
0.141724
0.142888
0.143223
0.147248
0.148789
0.147199
0.138286
0.136119
0.137888
0.140695
0.147883
0.147347
0.150802
0.151539
0.154588
0.160753
0.164914
0.165370
0.153315
0.146657
0.148525
0.152459
0.148435
0.148653
0.153592
0.147450
0.144314
0.145401
0.147566
0.138891
0.139060
0.140792
0.142749
0.145471
0.143155
0.143765
0.145437
0.148311
0.149597
0.152970
0.152595
0.148057
0.146742
0.148340
0.135763
0.126550
0.123572
0.126426
0.135693
0.144010
0.146907
0.152219
0.159399
0.163067
0.163281
0.156667
0.154660
0.164963
0.165197
0.170862
0.161533
0.155233
0.157438
0.165323
0.170781
0.171597
0.155363
0.155718
0.147956
0.156005
0.164272
0.159225
0.157176
0.145756
0.146065
0.146600
0.147104
0.144496
0.140895
0.144649
0.144425
0.144231
0.149031
0.149281
0.146371
0.150851
0.142977
0.140193
0.137989
0.139215
0.146533
0.145253
0.140312
0.136796
0.140676
0.140814
0.138867
0.141683
0.133489
0.129843
0.137011
0.141386
0.141789
0.139289
0.138932
0.140430
0.137959
0.143183
0.133861
0.130997
0.129492
0.132987
0.138547
0.136898
0.137389
0.135238
0.133654
0.140145
0.141028
0.132320
0.136595
0.141271
0.145849
0.152263
0.154582
0.155249
0.151169
0.147959
0.151086
0.150473
0.157541
0.152376
0.149401
0.150444
0.151181
0.155535
0.159006
0.162187
0.161352
0.152183
0.150270
0.141858
0.147459
0.149781
0.158627
0.159689
0.159469
0.158981
0.157690
0.162713
0.161378
0.164252
0.167515
0.168899
0.167677
0.163876
0.161727
0.162461
0.163990
0.158162
0.151929
0.148183
0.150304
0.156549
0.153759
0.148924
0.155711
0.147509
0.149856
0.149279
0.149530
0.144787
0.141704
0.145985
0.144184
0.148981
0.154184
0.146477
0.143621
0.148665
0.153138
0.152998
0.152372
0.143409
0.147649
0.145808
0.141918
0.136514
0.134905
0.132281
0.134955
0.129721
0.125898
0.120581
0.113550
0.115809
0.119890
0.118090
0.119218
0.117948
0.116187
0.116046
0.121137
0.123507
0.127386
0.127545
0.127940
0.125719
0.123542
0.124525
0.122639
0.126248
0.124845
0.130245
0.131368
0.132752
0.128076
0.131875
0.131686
0.133070
0.133660
0.141024
0.138016
0.131935
0.133764
0.135347
0.139988
0.129412
0.131854
0.133771
0.133830
0.128870
0.126890
0.136789
0.142261
0.140272
0.138592
0.131200
0.135733
0.136488
0.138265
0.138451
0.138640
0.138015
0.140569
0.139401
0.135108
0.131172
0.136436
0.138746
0.144978
0.145816
0.143497
0.144116
0.138699
0.129193
0.130879
0.130185
0.121416
0.128655
0.116379
0.121442
0.115403
0.121234
0.115459
0.114012
